757
549
567
860
747
616
606
633
868
788
910
572
796
550
958
580
574
556
836
791
771
779
746
919
645
615
902
966
703
517
669
777
920
825
535
542
938
918
668
787
645
988
840
891
940
664
997
681
922
767
727
598
898
835
820
504
508
595
776
668
831
547
845
809
749
879
547
818
840
716
699
513
552
972
827
823
695
673
545
978
895
760
993
895
674
678
731
753
572
623
758
920
814
741
664
926
677
773
903
685
525
691
555
624
826
591
882
607
824
579
869
555
712
556
546
536
617
524
925
698
710
861
528
651
912
584
833
580
506
891
521
543
566
584
877
778
667
925
951
880
791
757
815
749
647
806
830
669
762
952
534
717
949
598
797
803
996
841
542
588
591
838
868
692
552
915
684
776
532
570
614
774
670
955
813
837
640
666
516
637
844
611
873
644
677
539
816
604
548
744
663
595
845
541
730
520
679
968
689
579
841
648
686
620
648
795
578
646
683
832
619
983
820
733
944
552
547
519
865
986
659
899
757
905
747
651
940
723
647
511
877
980
975
801
820
745
720
868
816
848
935
707
681
946
943
811
629
763
560
692
861
669
624
582
966
761
932
936
559
787
874
873
731
926
666
789
899
872
588
933
608
665
906
530
988
759
684
914
598
650
884
827
954
978
754
646
816
660
692
589
885
992
683
757
808
510
812
501
836
723
970
732
622
962
974
750
950
558
723
782
901
823
847
824
630
529
969
709
817
742
881
625
548
720
603
643
554
674
771
646
587
715
880
664
919
856
570
743
612
568
844
828
978
753
635
701
908
543
595
667
768
993
512
783
916
550
883
981
799
700
755
549
839
560
957
515
626
905
687
908
566
820
647
538
651
743
892
700
846
530
665
681
548
948
658
714
990
559
768
985
655
626
841
666
914
774
843
633
876
917
975
663
822
931
637
868
923
753
520
583
829
702
930
692
621
689
849
607
800
612
821
553
523
728
962
865
665
962
882
943
869
549
750
546
834
625
931
848
887
588
588
529
879
762
543
702
939
540
579
658
717
681
914
647
885
939
710
644
784
926
840
836
698
899
778
928
590
918
549
572
817
796
515
750
952
815
869
601
831
684
694
694
546
932
626
804
804
927
941
919
896
872
985
780
540
718
688
685
809
722
831
818
772
576
682
873
546
961
984
733
617
633
609
658
823
826
644
730
537
616
765
528
858
998
895
914
953
1000
777
732
544
951
718
925
597
572
635
843
581
997
768
626
701
764
688
622
922
520
970
805
517
774
553
835
963
699
559
548
683
987
988
989
587
507
564
512
516
976
974
534
721
918
518
777
566
687
862
872
545
573
710
982
963
814
637
520
840
868
776
864
656
769
727
915
659
901
832
668
648
527
557
545
657
511
834
553
984
566
918
617
639
835
979
886
580
601
605
585
650
593
549
716
989
581
768
975
823
524
592
648
584
908
504
684
922
871
827
793
509
611
505
796
773
554
806
908
862
740
509
864
892
863
899
830
877
704
532
967
966
784
527
787
906
550
798
891
575
678
720
911
985
879
726
662
761
682
728
918
774
886
659
996
592
756
750
602
699
672
812
604
815
671
928
886
979
533
777
923
519
611
643
785
833
772
653
792
745
661
887
755
678
645
920
857
917
657
936
602
928
556
747
730
532
580
790
820
956
886
535
764
885
857
835
578
859
838
606
984
704
725
739
932
813
865
522
834
667
744
602
676
710
784
645
599
715
993
828
938
665
675
631
513
534
580
645
917
761
875
770
857
851
916
648
625
612
940
551
944
876
984
804
732
781
524
571
897
892
602
960
956
532
626
785
699
875
662
533
693
711
527
792
958
829
769
790
798
980
611
553
724
509
652
700
756
861
993
646
625
527
585
713
967
756
903
569
870
636
866
866
986
776
584
876
650
625
911
543
970
811
873
536
829
673
815
769
808
751
956
856
808
721
924
522
732
926
514
724
988
592
561
821
636
698
585
981
918
754
570
603
643
690
862
763
638
904
738
689
512
840
822
745
995
902
794
839
889
810
726
838
645
546
909
984
955
506
511
731
871
864
875
973
588
975
857
760
756
971
883
952
676
703
548
911
955
741
669
817
539
665
645
869
757
734
968
753
936
718
798
810
942
839
842
957
947
821
891
511
902
781
502
659
968
596
942
616
577
640
716
721
865
534
822
830
754
731
796
936
730
731
619
654
677
901
791
983
732
954
639
557
520
673
957
523
833
558
854
882
975
533
803
628
511
541
557
695
595
643
646
538
674
930
601
868
553
500
540
573
631
992
530
603
783
722
596
758
888
915
782
989
687
692
694
521
907
597
702
994
756
913
767
995
868
782
517
609
770
825
698
973
1000
840
633
612
976
538
972
699
921
980
772
675
966
522
951
997
742
992
547
623
536
718
509
735
786
637
686
999
940
600
772
827
770
782
664
603
906
564
925
779
591
945
513
943
692
761
828
552
581
502
636
927
659
964
517
598
572
736
871
711
901
878
971
896
544
888
588
758
512
876
698
947
732
886
650
844
864
683
983
706
864
897
655
723
967
600
727
642
652
795
583
991
921
551
697
845
895
811
717
817
945
985
935
760
749
973
863
503
907
595
661
975
697
917
840
576
726
903
880
926
806
925
885
828
879
947
851
651
765
691
711
978
983
739
570
887
816
646
986
790
863
844
618
595
767
994
975
618
620
986
510
820
502
709
983
783
682
622
826
1000
877
752
574
604
820
520
533
902
680
742
1000
548
998
602
793
804
820
846
786
837
964
899
646
805
772
924
725
873
755
771
917
585
813
801
658
508
982
642
858
989
763
773
732
568
802
979
727
652
788
569
749
880
682
922
622
974
922
629
618
568
545
822
913
717
842
928
863
975
705
552
572
944
854
944
651
508
683
826
863
798
664
752
689
656
635
973
959
822
526
768
704
811
930
537
504
704
790
512
935
535
657
936
793
669
918
837
683
880
674
917
935
713
818
860
571
833
889
901
680
661
939
565
979
990
697
917
970
871
565
715
967
586
521
512
850
680
588
822
691
559
927
973
672
874
689
547
616
632
545
994
906
506
680
832
581
957
563
890
894
650
945
878
695
987
807
631
754
897
574
554
591
777
520
633
909
564
894
651
685
642
623
768
948
684
539
769
999
930
863
619
952
588
674
733
811
650
741
682
921
554
757
568
643
630
948
990
767
588
513
993
986
508
661
781
522
836
585
649
969
980
855
811
922
932
875
692
744
953
877
786
662
792
782
589
655
665
629
957
571
950
502
978
980
634
922
622
541
804
552
543
668
637
620
697
872
742
742
655
578
526
689
698
989
862
775
723
582
899
507
584
840
860
893
796
567
586
989
610
506
543
649
999
826
993
760
743
571
690
939
806
639
563
569
707
800
621
628
862
723
595
545
658
792
746
683
924
699
582
966
702
521
523
559
845
719
998
696
659
985
555
597
709
801
820
634
640
501
543
513
681
831
590
527
503
639
946
948
921
576
909
886
895
891
512
833
807
969
961
980
575
773
730
830
716
984
706
927
653
792
504
962
739
695
771
961
770
791
699
824
629
639
704
695
810
708
698
793
680
843
853
574
569
799
509
515
664
755
794
903
942
567
693
889
782
762
787
971
748
857
860
634
776
782
570
766
909
766
773
638
854
656
700
670
546
714
599
702
569
633
714
948
731
516
708
776
938
919
745
812
862
641
592
763
776
840
772
994
885
663
738
536
801
772
993
981
545
774
922
718
842
676
554
764
884
633
957
976
619
602
512
854
972
945
766
872
924
900
724
688
972
978
504
825
673
700
677
736
544
526
900
859
567
893
570
781
697
800
552
715
824
593
920
993
667
765
765
687
502
693
707
992
826
798
795
618
810
794
557
695
950
920
772
887
821
639
664
543
603
904
626
892
832
724
849
844
676
595
677
618
676
700
763
864
751
707
738
799
841
862
504
931
606
694
680
844
558
618
809
522
862
519
808
572
913
971
850
846
958
829
702
838
692
846
986
681
976
784
575
823
567
748
539
742
994
991
581
742
721
879
630
713
978
730
945
901
717
652
524
957
811
556
851
992
689
600
933
650
971
599
857
819
784
751
850
654
525
647
839
962
838
816
914
522
780
502
590
693
977
844
736
861
562
959
541
999
782
987
622
691
531
831
840
883
973
515
675
808
646
998
926
559
514
671
612
691
642
613
705
729
912
760
712
560
880
820
504
952
777
667
533
758
1000
945
891
590
890
532
827
865
637
573
626
663
552
938
623
876
761
627
967
572
827
668
834
879
957
822
674
910
859
858
795
813
838
906
687
879
980
937
861
712
716
899
933
668
928
549
618
656
879
608
553
844
810
774
642
565
830
536
596
712
701
820
606
747
955
778
519
667
678
817
902
964
531
902
645
546
605
692
918
731
561
517
960
651
735
941
642
891
766
638
831
962
858
756
723
674
588
922
879
842
597
799
833
643
968
501
975
642
634
696
508
524
919
716
785
565
655
566
894
743
666
699
642
636
669
623
655
528
611
892
774
661
538
865
592
704
949
819
943
767
644
735
632
683
790
753
837
627
513
506
918
940
667
682
905
585
963
722
677
565
629
644
620
854
779
535
581
622
520
668
978
607
552
535
792
974
950
587
937
657
936
960
696
910
838
555
601
736
944
700
520
761
788
928
740
925
692
786
661
691
572
958
918
721
964
869
748
882
905
864
514
645
732
769
563
515
787
674
530
577
810
849
580
818
858
688
564
849
627
935
749
932
830
803
612
636
759
952
627
623
999
627
505
846
598
529
722
730
548
797
691
876
636
914
702
556
652
772
541
568
621
948
926
679
549
803
821
860
913
748
504
826
608
620
761
997
810
778
930
757
600
782
695
570
987
879
501
520
713
818
621
505
596
634
827
796
717
563
709
558
578
572
725
747
850
783
637
599
631
800
905
519
749
876
667
972
508
683
948
572
926
865
766
850
957
556
849
569
862
783
754
784
693
582
584
962
765
754
599
527
708
527
922
559
936
630
737
955
728
907
768
503
797
947
644
960
694
919
550
701
542
963
640
650
981
783
743
666
637
664
721
735
577
643
918
645
739
985
545
779
566
776
650
923
780
796
942
771
678
775
546
818
952
790
766
645
951
524
918
885
780
642
594
734
550
772
591
562
970
886
942
769
822
972
745
557
750
542
842
889
971
725
615
871
720
755
832
632
992
506
691
856
942
717
606
520
829
584
693
623
873
871
989
918
975
612
961
560
732
706
547
590
714
513
888
828
911
548
755
843
683
880
796
946
708
910
662
556
999
506
640
958
626
674
848
999
598
667
558
811
971
815
867
524
933
839
959
884
817
950
657
685
783
630
928
936
898
645
681
678
929
902
904
920
749
729
806
549
645
555
571
803
655
687
517
715
841
638
582
554
870
543
972
530
537
803
945
739
561
637
679
692
772
984
824
587
583
663
945
683
749
939
980
853
600
934
829
856
534
899
572
670
840
708
839
530
679
982
964
679
587
801
889
679
565
511
685
751
517
603
865
685
934
727
632
604
866
974
533
905
595
856
701
697
825
814
816
603
917
500
955
711
596
948
858
785
736
998
641
737
669
572
868
712
605
678
931
918
537
813
680
505
582
689
597
509
760
933
857
945
650
838
957
610
644
685
930
637
688
894
508
785
886
592
773
688
656
693
537
578
938
655
924
565
850
829
955
712
610
938
537
717
766
927
658
565
719
721
966
628
609
501
551
655
655
879
602
720
657
626
980
690
925
512
829
962
528
850
824
629
586
688
732
756
925
733
616
799
947
854
841
725
581
871
603
835
599
741
693
977
871
573
938
583
891
578
771
848
938
670
713
704
520
751
535
971
582
586
740
543
887
782
526
566
959
994
552
628
573
696
989
798
937
676
752
907
659
650
833
753
978
964
891
605
585
580
743
537
972
848
602
568
832
604
917
964
990
816
547
769
662
648
639
506
988
532
524
830
895
926
906
768
838
842
588
725
888
533
560
612
716
837
533
647
506
509
606
894
801
523
900
700
696
1000
512
784
530
976
817
951
586
692
994
964
586
668
589
571
970
865
910
916
818
811
923
892
679
992
803
618
807
753
571
902
928
955
775
995
768
891
747
579
766
841
709
975
980
953
547
879
805
825
714
946
866
983
521
823
942
932
823
957
502
788
593
862
649
809
811
865
875
711
596
655
697
552
572
621
956
751
763
604
804
754
509
667
731
802
938
688
824
517
592
711
872
757
551
900
791
758
911
803
622
514
904
638
781
911
713
782
640
967
703
621
809
703
843
920
978
676
739
663
693
726
944
748
982
636
590
954
812
695
571
579
555
627
563
607
743
994
870
511
541
849
997
932
502
705
969
715
940
653
656
837
647
532
726
711
780
650
514
982
809
806
506
945
813
523
537
770
554
577
595
841
653
994
926
653
691
504
750
934
751
926
573
521
922
717
791
711
904
671
890
966
811
880
634
616
509
817
641
544
513
633
646
866
851
748
933
832
927
527
660
835
615
843
737
756
984
742
500
937
871
508
538
610
782
996
780
985
749
782
949
980
959
929
591
962
795
698
626
631
788
711
781
844
833
587
953
694
735
581
630
840
986
835
747
942
919
933
783
513
621
725
899
647
555
533
907
565
933
681
765
736
993
676
509
856
582
702
688
716
713
999
561
856
537
558
854
803
660
668
689
935
692
911
882
532
512
607
880
1000
697
786
974
554
689
755
741
843
925
966
968
925
890
549
582
683
796
935
864
669
666
874
653
756
624
541
758
952
768
808
504
542
998
841
729
721
965
664
889
852
811
911
572
744
969
598
796
693
620
767
837
929
743
923
547
956
553
775
636
637
790
798
993
861
637
625
580
784
635
524
975
789
671
714
747
917
791
596
914
629
552
911
591
693
527
977
841
585
807
710
990
544
588
926
851
680
595
660
520
717
855
746
927
746
827
598
697
909
833
598
852
512
714
564
514
801
587
601
516
965
592
697
552
652
906
845
810
601
746
623
912
517
512
747
583
578
572
839
681
912
804
952
744
929
920
571
738
502
629
760
873
690
606
825
516
960
619
799
598
504
936
929
576
800
929
633
997
516
599
648
718
736
941
999
725
835
659
621
965
585
792
506
611
623
721
839
632
787
935
634
662
533
502
742
987
808
562
610
818
960
978
995
695
912
928
887
541
969
614
859
952
642
947
997
844
906
704
926
813
881
800
990
654
504
567
876
686
603
900
880
821
587
858
689
551
997
573
854
751
831
847
664
918
800
805
979
790
943
700
523
622
806
896
606
633
809
836
593
568
664
970
746
780
641
883
890
582
863
526
835
724
500
705
875
637
898
808
503
687
920
941
810
896
746
729
816
673
507
797
897
991
799
830
901
880
735
572
901
949
609
963
964
833
820
821
565
750
608
832
618
771
989
941
914
618
512
755
553
551
536
726
840
973
637
676
936
816
965
937
775
772
560
804
771
761
912
707
766
548
815
687
757
891
974
999
515
941
738
753
543
861
798
780
522
685
722
636
545
992
788
769
913
825
954
593
881
507
568
771
850
989
529
822
565
609
773
1000
832
569
873
938
914
800
772
803
892
962
630
571
717
526
734
839
858
948
655
717
722
772
752
893
635
686
883
914
776
994
552
815
936
668
891
864
584
978
906
822
741
503
949
680
730
637
616
714
906
837
948
696
608
772
800
739
688
914
728
778
822
722
958
992
845
665
692
911
575
909
924
846
710
758
597
894
670
960
603
736
996
849
741
876
865
725
515
871
627
603
943
963
630
782
696
771
718
648
793
906
703
623
614
674
989
737
707
875
913
837
847
637
913
994
564
552
999
867
780
822
509
851
722
650
529
571
959
678
966
558
732
598
681
557
545
984
609
920
740
829
629
921
968
830
790
753
669
738
727
836
643
615
847
905
986
959
840
594
794
711
549
705
775
778
515
759
955
642
955
932
777
989
996
868
959
508
508
655
926
596
753
587
530
858
686
879
675
941
786
968
937
765
870
845
704
764
615
980
546
697
550
968
920
521
578
754
983
562
799
698
535
913
784
777
834
939
734
943
554
581
678
916
683
815
877
708
925
621
584
688
806
681
671
672
587
530
543
656
875
854
630
831
708
610
523
577
818
537
540
726
606
801
934
573
905
718
569
770
966
535
522
856
685
914
941
663
631
956
650
561
544
636
625
868
785
953
968
665
527
911
597
620
639
955
664
586
847
520
590
779
979
834
727
765
806
595
626
804
514
767
961
873
573
845
852
679
627
729
512
728
866
605
648
771
680
532
775
903
927
947
631
932
930
677
693
716
867
615
745
824
630
869
830
593
807
901
626
595
620
871
549
567
719
545
581
788
581
554
571
890
731
912
933
693
918
760
708
602
833
541
958
913
689
708
607
645
573
603
706
708
561
534
870
888
940
549
533
741
712
786
853
917
516
509
880
776
954
911
662
740
947
728
774
615
926
556
748
749
668
649
806
566
582
518
760
505
755
614
585
553
871
911
917
665
617
725
701
666
977
893
739
649
918
921
750
639
892
824
794
846
759
504
876
778
930
755
502
646
562
818
569
513
569
862
660
926
536
519
677
699
747
905
722
661
533
936
992
653
866
555
689
780
780
733
821
613
874
909
777
845
929
931
959
765
850
595
775
600
747
545
732
675
745
780
988
517
845
685
843
977
646
826
775
603
851
574
988
899
909
579
558
949
998
600
778
817
768
912
647
998
1000
536
741
649
573
585
812
863
981
665
805
699
555
549
688
882
744
852
974
623
942
596
925
606
584
561
899
829
710
637
864
833
809
810
524
640
554
616
869
657
643
547
820
564
937
575
559
588
624
579
723
929
714
534
743
886
972
737
739
827
977
939
708
539
768
672
542
721
737
714
723
970
600
696
879
976
749
983
825
507
511
652
824
727
582
891
582
559
516
726
658
595
794
512
757
849
638
605
916
631
991
747
944
978
897
556
819
692
786
988
809
929
706
546
913
879
724
607
705
806
749
619
770
676
506
893
687
712
555
986
798
662
502
718
693
769
747
657
824
541
753
742
936
855
978
931
974
610
742
548
575
619
571
790
734
669
887
846
674
987
828
868
500
772
589
866
829
835
538
515
627
703
677
627
628
699
670
851
536
906
560
526
852
599
650
994
950
539
728
776
682
734
728
590
775
771
781
765
812
887
827
732
603
916
916
865
503
578
798
737
778
808
922
678
784
756
837
972
972
903
737
817
985
531
809
778
722
633
532
521
991
935
746
583
679
983
539
909
677
921
547
911
626
519
792
981
629
911
546
549
799
943
955
740
941
564
592
543
691
590
728
876
517
909
598
943
624
563
545
943
662
672
571
571
745
802
864
737
532
588
566
635
977
699
834
549
611
523
675
976
974
635
760
503
841
835
656
862
761
574
749
693
764
574
505
505
959
579
945
997
741
832
854
626
695
669
554
586
955
515
919
757
612
921
554
717
603
662
564
676
551
598
692
714
894
887
749
580
528
628
568
632
700
885
646
500
894
611
816
722
925
950
761
547
998
753
953
859
647
838
745
507
510
771
734
599
549
680
576
852
566
594
789
859
742
508
945
618
861
541
842
966
673
749
515
694
660
506
521
811
807
529
888
859
997
987
663
567
833
824
634
760
933
973
684
620
910
966
625
731
825
841
877
757
644
946
960
727
886
705
849
987
820
702
851
922
917
507
978
784
638
813
834
730
930
925
649
701
633
532
937
769
767
842
686
678
790
778
746
563
901
945
841
730
918
541
570
769
920
746
807
742
760
735
771
664
611
667
508
712
744
896
797
948
714
942
857
536
544
1000
604
600
883
968
630
526
828
934
651
759
510
777
503
867
690
899
904
558
878
877
1000
604
768
848
999
769
840
596
901
876
850
565
825
625
751
683
667
793
878
581
871
536
636
937
633
925
714
518
964
885
976
694
786
761
527
997
506
816
867
817
949
982
643
948
884
604
879
555
831
676
786
888
580
529
685
721
891
911
514
513
859
508
592
514
555
500
944
951
952
660
957
683
651
561
952
622
616
790
781
616
616
666
572
976
696
846
703
780
992
555
772
722
866
974
775
792
515
779
937
834
844
552
928
722
791
771
811
780
838
623
819
646
742
983
553
972
817
781
972
628
973
629
566
582
528
810
904
643
695
877
918
582
764
633
637
830
657
888
844
613
631
521
906
693
545
777
645
608
603
718
932
539
688
525
974
746
670
930
515
741
846
820
1000
931
560
726
596
955
874
529
672
629
653
592
595
959
992
937
651
840
997
820
559
640
624
883
859
978
987
730
792
623
540
961
692
833
956
934
758
914
883
952
516
646
530
825
694
509
663
888
683
713
999
539
786
828
977
571
897
542
735
899
555
778
575
992
596
852
543
649
623
972
945
937
894
889
667
599
950
766
870
587
940
698
797
504
683
747
572
991
551
923
859
998
585
761
863
538
713
552
794
548
840
663
844
607
717
789
935
868
563
811
533
925
926
765
640
534
876
813
760
880
579
510
659
879
900
887
947
754
646
716
843
594
506
975
587
616
696
790
971
879
976
989
708
629
736
604
652
735
831
591
801
614
545
899
718
880
766
823
986
539
589
832
799
926
963
957
706
954
843
948
597
857
580
695
863
555
866
702
734
888
866
608
790
894
601
698
691
922
500
901
662
917
934
995
750
873
796
516
549
544
855
724
902
717
916
696
893
704
805
562
646
966
938
759
738
666
502
926
596
603
864
912
679
748
971
912
644
551
944
521
690
546
938
691
938
553
866
812
511
501
741
798
834
524
962
883
673
500
797
504
932
620
567
502
966
831
784
602
910
959
688
799
819
751
589
828
945
648
864
715
659
711
559
631
806
501
791
891
556
712
933
578
662
845
860
888
768
597
858
993
944
672
862
938
554
984
600
627
818
869
988
853
891
529
641
990
551
726
531
749
663
941
853
884
532
527
550
730
858
510
672
712
517
962
735
578
536
808
566
586
841
960
861
616
690
791
765
814
920
500
730
682
590
964
793
783
946
518
582
761
726
667
604
610
870
978
535
528
723
917
876
919
954
562
660
766
859
561
505
955
739
822
983
875
660
898
997
734
893
640
958
564
986
507
530
538
814
654
634
555
596
744
912
840
576
589
702
617
925
544
834
668
513
564
636
570
919
687
594
913
522
705
715
891
972
796
913
561
538
509
747
577
658
849
959
580
801
546
653
648
828
971
923
726
710
591
777
672
622
816
916
603
666
808
646
542
743
634
928
752
698
550
936
580
935
535
996
574
892
919
929
693
844
911
936
902
672
647
647
845
564
798
890
595
516
725
886
785
680
860
635
992
823
662
814
609
675
730
797
570
779
879
885
949
657
871
535
983
614
963
728
509
653
582
742
892
748
624
918
fdsafadsfjk3221
dfdas
fds
1431
dgrwgw
341234
hfrurkd
dkdflkd
lkdfkfjgf'
fjjir242354
90t34j5352
gs90g2432
